[gd_scene format=3 uid="uid://cu8vs27wxhe1f"]

[ext_resource type="PackedScene" uid="uid://dqn2j366x6odm" path="res://game/enemy/assets/construction_enemy.glb" id="1_7u4rw"]

[sub_resource type="CapsuleShape3D" id="CapsuleShape3D_7u4rw"]
radius = 0.018066406
height = 0.036178704

[sub_resource type="CapsuleShape3D" id="CapsuleShape3D_423r6"]
radius = 0.0146484375
height = 0.039312914

[sub_resource type="CapsuleShape3D" id="CapsuleShape3D_le3ci"]
radius = 0.0063476563
height = 0.038874853

[sub_resource type="CapsuleShape3D" id="CapsuleShape3D_xto5h"]
radius = 0.006
height = 0.03761417

[sub_resource type="CapsuleShape3D" id="CapsuleShape3D_2mu2s"]
radius = 0.0043945313
height = 0.026352478

[sub_resource type="CapsuleShape3D" id="CapsuleShape3D_6qm7u"]
radius = 0.00390625
height = 0.025100965

[node name="construction_enemy" unique_id=878544191 instance=ExtResource("1_7u4rw")]

[node name="Skeleton3D" parent="Constructor" parent_id_path=PackedInt32Array(1926369605) index="0" unique_id=1420574117]
bones/0/position = Vector3(-0.00017031813, 0.079460315, -0.0063515813)
bones/1/position = Vector3(-0.05244294, -0.06226021, -0.017944034)
bones/1/rotation = Quaternion(0.63098395, 0.31915447, -0.63098353, 0.3191544)
bones/2/position = Vector3(0.02820334, -0.053685512, 0.018314125)
bones/2/rotation = Quaternion(0.18694432, 0.68194705, -0.18694419, 0.6819472)
bones/3/rotation = Quaternion(5.876291e-21, 0, 8.4703295e-22, 1)
bones/4/rotation = Quaternion(5.876291e-21, 0, 8.4703295e-22, 1)
bones/5/rotation = Quaternion(0.8565139, 0.18049298, -0.13606109, -0.46399736)
bones/6/rotation = Quaternion(-0.07643313, 0.5251616, -0.4437171, 0.72213465)
bones/7/rotation = Quaternion(0.87669986, -0.054978915, 0.089696795, 0.46939245)
bones/8/rotation = Quaternion(0.042107113, -0.3363476, 0.1469679, 0.9292458)
bones/9/position = Vector3(9.63809e-10, 5.708628e-09, 1.4501832e-09)
bones/10/rotation = Quaternion(-0.3401982, 0.07683817, 0.5419777, 0.7646053)
bones/11/position = Vector3(1.8391244e-10, 0.0019953228, -0.003135503)
bones/11/rotation = Quaternion(0.84388036, -0.18783094, -0.11040434, -0.49030235)
bones/12/rotation = Quaternion(-0.452596, 0.22219473, 0.12945765, 0.85383093)

[node name="PhysicalBoneSimulator3D" type="PhysicalBoneSimulator3D" parent="Constructor/Skeleton3D" index="1" unique_id=156431372]

[node name="Physical Bone Root" type="PhysicalBone3D" parent="Constructor/Skeleton3D/PhysicalBoneSimulator3D" index="0" unique_id=27373009]
transform = Transform3D(0.25977638, 0.9260059, -0.27391487, 4.1985153e-08, 0.283653, 0.95892704, 0.9656688, -0.24910662, 0.07368632, 0.008754852, 0.04823251, -0.008771738)
collision_layer = 8
collision_mask = 9
joint_type = 2
joint_offset = Transform3D(1, 0, 0, 0, 1, 0, 0, 0, 1, 1.8521678e-05, -9.777024e-06, 0.032568254)
body_offset = Transform3D(0.96566904, -0.24910633, 0.073686294, -8.932588e-11, 0.28365308, 0.95892715, -0.2597761, -0.9260061, 0.273915, -0.0024201558, -0.031227812, -0.008925175)
bone_name = "Root"
joint_constraints/swing_span = 45.0
joint_constraints/twist_span = 180.0
joint_constraints/bias = 0.3
joint_constraints/softness = 0.8
joint_constraints/relaxation = 1.0

[node name="CollisionShape3D" type="CollisionShape3D" parent="Constructor/Skeleton3D/PhysicalBoneSimulator3D/Physical Bone Root" index="0" unique_id=1183598429]
transform = Transform3D(0.9840975, -0.11282234, -0.1372034, 0.10425952, -0.25849137, 0.96037054, -0.14381695, -0.95940316, -0.24261674, -0.0039322553, 0.0056266747, 0.04760444)
shape = SubResource("CapsuleShape3D_7u4rw")

[node name="Physical Bone Spine" type="PhysicalBone3D" parent="Constructor/Skeleton3D/PhysicalBoneSimulator3D" index="1" unique_id=1079660243]
transform = Transform3D(3.5617754e-07, -1, -5.9611075e-08, 7.262832e-08, 5.9611104e-08, -1, 1, 3.5617754e-07, 7.262834e-08, -0.0001699442, 0.123606846, -0.0063515846)
collision_layer = 8
collision_mask = 9
joint_type = 2
joint_offset = Transform3D(1, 0, 0, 0, 1, 0, 0, 0, 1, -2.5599914e-10, 3.713065e-07, 0.019656448)
body_offset = Transform3D(1.0000001, -1.450303e-09, 1.3023701e-08, 1.3023694e-08, 6.455367e-12, -1.0000001, 1.4503314e-09, 1.0000001, 6.4563858e-12, 0, 0.01965645, -3.7130667e-07)
bone_name = "Spine"
joint_constraints/swing_span = 45.0
joint_constraints/twist_span = 180.0
joint_constraints/bias = 0.3
joint_constraints/softness = 0.8
joint_constraints/relaxation = 1.0

[node name="CollisionShape3D" type="CollisionShape3D" parent="Constructor/Skeleton3D/PhysicalBoneSimulator3D/Physical Bone Spine" index="0" unique_id=1892717059]
transform = Transform3D(1, 0, 0, 0, 2.4760315e-15, 1, 0, -1, -2.4760315e-15, 0, 2.7794158e-09, 0)
shape = SubResource("CapsuleShape3D_423r6")

[node name="Physical Bone ShoulderL" type="PhysicalBone3D" parent="Constructor/Skeleton3D/PhysicalBoneSimulator3D" index="2" unique_id=1807408360]
transform = Transform3D(0.06558025, 0.5323875, -0.84395665, 0.4354535, 0.7457243, 0.50425744, 0.89781934, -0.40057322, -0.18292521, 0.01623403, 0.13346183, -0.002795989)
collision_layer = 8
collision_mask = 9
joint_type = 2
joint_offset = Transform3D(1, 0, 0, 0, 1, 0, 0, 0, 1, 3.4356495e-09, 9.333241e-09, 0.019437429)
body_offset = Transform3D(1.0000002, -2.9802322e-08, 1.4901161e-08, 0, -7.4505806e-08, -1.0000002, 2.9802322e-08, 1.0000001, -9.685755e-08, -3.7252903e-09, 0.019437432, -7.450581e-09)
bone_name = "ShoulderL"
joint_constraints/swing_span = 45.0
joint_constraints/twist_span = 180.0
joint_constraints/bias = 0.3
joint_constraints/softness = 0.8
joint_constraints/relaxation = 1.0

[node name="CollisionShape3D" type="CollisionShape3D" parent="Constructor/Skeleton3D/PhysicalBoneSimulator3D/Physical Bone ShoulderL" index="0" unique_id=1191315951]
transform = Transform3D(0.99999964, 2.2351742e-07, 1.4901161e-07, -2.9802322e-08, -2.4586916e-07, 0.9999993, 8.940697e-08, -1, 1.5646219e-07, 0, 0, 0)
shape = SubResource("CapsuleShape3D_le3ci")

[node name="Physical Bone ShoulderR" type="PhysicalBone3D" parent="Constructor/Skeleton3D/PhysicalBoneSimulator3D" index="3" unique_id=314210567]
transform = Transform3D(-0.20888767, 0.543266, 0.81315935, -0.012194025, -0.8328849, 0.553312, 0.9778636, 0.10566437, 0.18060398, -0.015470404, 0.13285789, -0.009749355)
collision_layer = 8
collision_mask = 9
joint_type = 2
joint_offset = Transform3D(1, 0, 0, 0, 1, 0, 0, 0, 1, -3.2905623e-07, 4.5258666e-06, 0.018812504)
body_offset = Transform3D(1.0000001, 9.685755e-08, 3.1292439e-07, 3.2782555e-07, -1.9190833e-05, -1.0000002, -1.1175871e-07, 1.0000001, -1.918897e-05, 3.2316893e-07, 0.018812507, -4.1648746e-06)
bone_name = "ShoulderR"
joint_constraints/swing_span = 45.0
joint_constraints/twist_span = 180.0
joint_constraints/bias = 0.3
joint_constraints/softness = 0.8
joint_constraints/relaxation = 1.0

[node name="CollisionShape3D" type="CollisionShape3D" parent="Constructor/Skeleton3D/PhysicalBoneSimulator3D/Physical Bone ShoulderR" index="0" unique_id=1445315054]
transform = Transform3D(1, 0, 0, 0, 0, 1, 0, -1, 0, 0, 0, 0)
shape = SubResource("CapsuleShape3D_xto5h")

[node name="Physical Bone PelvisR" type="PhysicalBone3D" parent="Constructor/Skeleton3D/PhysicalBoneSimulator3D" index="4" unique_id=230482305]
transform = Transform3D(0.27702892, -0.7327235, 0.62158775, 0.29554817, 0.68052346, 0.6704768, -0.9142791, -0.0020323286, 0.40507975, -0.0083604595, 0.07062596, -0.011688974)
collision_layer = 8
collision_mask = 9
joint_type = 2
joint_offset = Transform3D(1, 0, 0, 0, 1, 0, 0, 0, 1, 1.7055727e-08, 3.631032e-08, 0.013176195)
body_offset = Transform3D(0.9999999, -1.4784746e-08, 1.1920929e-07, -5.9604645e-08, 1.1490192e-07, -1, 1.2805685e-08, 0.9999999, 7.1537215e-08, -1.8626451e-08, 0.013176195, -3.7252903e-08)
bone_name = "PelvisR"
joint_constraints/swing_span = 45.0
joint_constraints/twist_span = 180.0
joint_constraints/bias = 0.3
joint_constraints/softness = 0.8
joint_constraints/relaxation = 1.0

[node name="CollisionShape3D" type="CollisionShape3D" parent="Constructor/Skeleton3D/PhysicalBoneSimulator3D/Physical Bone PelvisR" index="0" unique_id=1543189600]
transform = Transform3D(0.99999523, 0, 4.4249464e-07, -1.7648563e-07, -3.5681296e-08, 0.9999977, 5.9604645e-07, -1, -4.9959635e-07, 0, 0, 0)
shape = SubResource("CapsuleShape3D_2mu2s")

[node name="Physical Bone PelvisL" type="PhysicalBone3D" parent="Constructor/Skeleton3D/PhysicalBoneSimulator3D" index="5" unique_id=472629251]
transform = Transform3D(0.3705244, 0.49482903, -0.7860381, -0.20875052, 0.86898774, 0.44864637, 0.9050607, -0.002148591, 0.42527696, 0.012830383, 0.0758249, -0.011689059)
collision_layer = 8
collision_mask = 9
joint_type = 2
joint_offset = Transform3D(1, 0, 0, 0, 1, 0, 0, 0, 1, 2.3466312e-08, -7.819503e-09, 0.012550542)
body_offset = Transform3D(1.0000001, -1.9767322e-07, 5.9604645e-08, 5.9604645e-08, -2.287561e-08, -0.99999994, 1.3725366e-07, 1.0000002, 2.9394869e-08, -2.4214387e-08, 0.01255054, 7.450581e-09)
bone_name = "PelvisL"
joint_constraints/swing_span = 45.0
joint_constraints/twist_span = 180.0
joint_constraints/bias = 0.3
joint_constraints/softness = 0.8
joint_constraints/relaxation = 1.0

[node name="CollisionShape3D" type="CollisionShape3D" parent="Constructor/Skeleton3D/PhysicalBoneSimulator3D/Physical Bone PelvisL" index="0" unique_id=1885340141]
transform = Transform3D(1.0000004, -4.4703484e-07, -2.7008355e-08, 2.0943116e-07, 6.542541e-07, 0.99999964, 1.1920929e-07, -1.0000002, -1.284061e-07, 0, 0, 0)
shape = SubResource("CapsuleShape3D_6qm7u")
